0.8033135804533958
0.7484604233503341
0.7353625717759132
0.7298472252488136
0.7266495209932328
0.7244664779305459
0.7227131697535515
0.7213393694162369
0.7201280838251114
0.7190096533298492
0.7179407861828804
0.716940410733223
0.7160727179050446
0.7152518203854561
0.7145095878839492
0.713841343820095
0.7132533824443817
0.7127176815271378
0.7122324347496033
0.711780980527401
0.7113958296179771
0.7110870671272278
0.7107764250040054
0.7104573652148247
0.7101739549636841
0.7099057129025459
0.7096595600247383
0.7094285270571709
0.709212141931057
0.7090125507116318
