0.957091994550493
0.9550939763916864
0.9509478403462304
0.9228561698065864
0.8886454411347707
0.8830052223470476
0.8814975070953369
0.8807694500022464
0.8803332216209836
0.8800378872288598
0.8798176450199551
0.8796422964996762
0.8794957750373417
0.8793692257669237
0.8792571008205414
0.879155895974901
0.8790632310178544
0.8789775081475576
0.8788978531625535
0.8788237578339047
0.8787550038761562
0.8786915312872993
0.8786333984798855
0.8785805115434858
0.878532769812478
0.8784899377822876
0.8784516501426697
0.8784175300598145
0.8783871600362989
0.8783600887987348
0.8783358881208632
0.8783141647444831
0.878294597864151
0.8782769077354007
0.8782608266671499
0.8782461570368872
0.878232723209593
0.8782203735245598
0.8782089938057793
0.8781984768973456
0.8781887364387512
0.8781796990500557
0.8781713043318854
0.8781634897655911
0.8781562067402734
0.8781494123405881
0.8781430663002862
0.8781371363004049
0.8781315898895263
0.878126400841607
