0.7407804581364793
0.7153802039854392
0.7101624580880792
0.7063197687913704
0.70396297449201
0.701444505337544
0.69968854726065
0.698826300009272
0.6977669069026216
0.6972172408485734
0.6964088152167096
0.6953956350116955
0.6954326754592718
0.6941475197630932
0.6936274874664127
0.6932867983146208
0.6927524268370105
0.691943591326816
0.6921657028328785
0.691405848537626
0.6915179681491834
0.6909650147307685
0.6911205354202716
0.6908548758084927
0.6904662562628167
0.6903249005562321
0.690105497647065
0.689883325284582
0.689754705904752
0.6894591625381004
0.6892153243957754
0.6895397534049431
0.6889452214270534
0.6891230312583819
0.6889171280803676
0.6889460968206775
0.6889479035131261
0.6884940999009787
0.688578042900408
0.6884033246311264
0.6884331650432628
0.688270341672706
0.6881622767193599
0.6882507544441874
0.6882949459961827
0.687975679891498
0.6879630819753794
0.6881600641609691
0.6879482862651181
0.6877395463620166
0.6877294969831425
0.6878906917822377
0.6880243576290503
0.687997067844177
0.6878704657457166
0.6878572752255336
0.6875973184583067
0.6876837780858749
0.6875182823640376
0.6878316036961483
0.6873901640186385
0.6876219089898968
0.6874313069824964
0.6875594977297123
0.6873865821516673
0.6873498060634877
0.6874453594732437
0.6873607913794626
0.6872056323860994
0.6875975023128739
0.6871936762285975
0.6875510577433064
0.68734275174816
0.6873349956672142
0.6872747151417556
0.6871669215778685
0.6872348708952656
0.6872265776572164
0.6872806698838296
0.6872345562748361
