0.8914108839631081
0.8912971621751785
0.8911881542205811
0.891087866127491
0.8909955483675003
0.8909103018045426
0.8908313566446304
0.8907581049203873
0.8906900146603585
0.8906266105175018
0.8905674982070922
0.8905123227834701
0.8904607763886452
0.8904125797748565
0.8903674870729447
0.8903252765536308
0.8902857330441475
0.8902486827969551
0.890213953256607
0.8901813888549804
0.8901508438587189
0.890122190117836
0.8900952997803688
0.8900700631737709
0.8900463703274727
0.8900240755081177
0.8900030124187469
0.8899830746650695
0.8899642246961593
0.8899465000629425
