0.9980196711344597
0.9978787578069247
0.9977367443916125
0.9976334614631457
0.9975233811598557
0.9974418163299561
0.997401915758084
0.9973598593320602
0.9973217019667993
0.9972902774810791
0.9972782951134902
0.9972712467878293
0.9972557324629564
0.9972540274644509
0.9972463864546556
0.9972362249325484
0.9972275773684184
0.9972245439504965
0.9972211382327936
0.9972232934756157
0.9972162188627781
0.9972179834659283
0.9972168680949088
0.9972090109800681
0.9972093423207601
0.9972070550307249
0.9972090305426182
0.9972056407194871
0.9972058623264998
0.9972039378606357
0.9972052775896513
0.9972030055828583
0.9971984899961032
0.9972027093936235
0.9972003597479601
0.9971996906476143
0.9972010970115661
0.9972014381335332
0.9971993849827693
0.9971958288779625
0.9971955189338098
0.9971955485832997
0.9972003738085429
0.9972002261724228
0.9971948687846844
0.9971982139807481
0.9971973437529343
0.9971952022650303
0.9971969702304938
0.9971956084936093
0.9971958203193468
0.9971957139479808
0.9971963637914413
0.9971926380426456
0.9971926692204598
0.9971963647084359
0.9971934422468528
0.9971924595343761
0.9971945530328995
0.9971912319843586
0.9971932826898037
0.997194552115905
0.9971935315009876
0.9971931738731189
0.9971917164631379
0.9971946410643748
0.9971934263522808
0.9971935036854866
0.9971926673864707
0.9971922574899136
0.9971922898903871
0.9971907823513716
0.9971938218825903
0.9971928694309332
0.9971933872271806
0.9971937821461604
0.9971923595819718
0.9971919295115349
0.9971952462807679
0.9971966058779985
