0.8852576488256454
0.8845753493905067
0.883906468451023
0.8832737576961517
0.882676687836647
0.8821179729700088
0.881599155664444
0.8811192166805267
0.88067501693964
0.8802612230181694
0.8798731759190559
0.8795075723528862
0.8791621026396751
0.8788350543379784
0.8785251051187515
0.8782311555743217
0.8779522708058357
0.8776876679062844
0.8774366036057473
0.8771984249353408
0.8769725042581559
0.8767582631111145
0.8765551617741585
0.8763626831769943
0.8761803144216538
0.876007584631443
0.8758440452814102
0.8756892430782318
0.875542756319046
0.875404172539711
