0.8500672900676727
0.8245534074306488
0.8068253117799759
0.7986130446195603
0.7943516513705253
0.7910828757286071
0.7879975256323815
0.7848248934745788
0.7815198275446892
0.7781446766853333
0.7748178452253341
0.7716689604520798
0.7687859520316124
0.7662747174501419
0.7641497957706451
0.7623578324913979
0.7608472955226898
0.7595709937810898
0.7584879159927368
0.7575628539919853
0.7567665961384773
0.7560757920145988
0.7554721650481224
0.7549413695931435
0.7544719189405441
0.7540544289350509
0.7536813774704934
0.7533465972542763
0.7530449613928795
0.752772262096405
