0.8673362156116736
0.7926286410239274
0.7827617315823111
0.7718076329393994
0.7681253868398447
0.7659391353663686
0.7637845166467624
0.7616976970873428
0.7597238697724921
0.7577005769954755
0.7555401975590406
0.753633223754837
0.7518720446329459
0.7502690511976557
0.7488432999916156
0.747602448563135
0.7465304004728023
0.745563849206045
0.7445995026629033
0.7434827524301775
0.7420183148143574
0.7402472613945522
0.7385322107911981
0.7367940500599346
0.7352676947300595
0.7342220883688648
0.7333572999232485
0.7326061276541895
0.7318902816599001
0.73112886693673
0.7305046430609585
0.7299877264341851
0.7295477361453757
0.7291669051374031
0.7288289498303769
0.7285266297632057
0.7282518062139125
0.7280020278367008
0.7277727896693766
0.7275619929757324
0.7273681027880757
0.7271887846228197
0.7270229859600679
0.7268690274755569
0.7267265152063912
0.7265938861652184
0.7264704378375904
0.7263556358940758
0.7262485109349252
0.7261486304045484
