0.9581948430008358
0.9558759711848365
0.9509193144904242
0.9220527651574877
0.8918820552031199
0.8844323837757111
0.8823319575521681
0.881386876768536
0.8808402780691783
0.8804805731773376
0.8802238818009694
0.8800303893619114
0.879878667195638
0.8797558726204766
0.8796537865532769
0.8795670991473727
0.8794922329319848
0.8794267046451568
0.8793686727682749
0.8793167526192135
0.8792698804537455
0.8792272818088531
0.8791883652740055
0.8791526280509101
0.8791196428404914
0.8790890615516239
0.8790606484148238
0.8790341956085629
0.8790095363722907
0.878986492421892
0.8789649114343855
0.8789446549945408
0.8789255995220608
0.8789076254102919
0.8788906375567118
0.8788745755619473
0.8788593861791822
0.8788450313938989
0.8788314747810364
0.878818679385715
0.8788066147433387
0.8787952460183037
0.8787845202287038
0.8787744184335072
0.8787648977173699
0.8787559060255686
0.8787474380599127
0.8787394615014394
0.8787319514486525
0.8787248762448628
