0.8889637503027916
0.8881011852622032
0.8880225002765656
0.8880006012320518
0.8879906722903251
0.8879900974035263
0.8879897740483284
0.8879894894361496
0.8879892370104789
0.8879890051484108
0.8879887920618057
0.8879885929822922
0.8879884117841721
0.8879882392287254
0.8879880777001381
0.887987929880619
0.8879877883195877
0.8879876571893692
0.8879875320196152
0.8879874160885811
0.8879873040318489
0.8879872000217438
0.8879870998859406
0.8879870069026947
0.8879869222640991
0.8879868352413177
0.8879867589473724
0.8879866868257522
0.8879866164922714
0.8879865506291389
