0.9582879936695099
0.9564848109086355
0.9534302047888438
0.93938830309444
0.9071379431088765
0.8973724679152171
0.89080593029658
0.8880448239379459
0.8863401647408803
0.8849514730771383
0.8839161513911353
0.8831963243749407
0.8826341704527537
0.8821584686968061
0.8817340273327298
0.8813523598512014
0.8810326075553894
0.8807769384649065
0.8805651626322004
0.8803850530253516
0.880229655901591
0.8800942647457123
0.879975153207779
0.8798695605330997
0.8797753540674845
0.879690867000156
0.8796147953139412
0.8795460499657525
0.8794837239053515
0.879427041610082
0.879375374449624
0.8793281377686395
0.8792848708894517
0.8792451957861582
0.8792087410555945
0.8791752078798082
0.8791443183686998
0.8791158301300472
0.8790895267327626
0.8790652055210537
0.8790427014562818
0.8790218653943803
0.8790025573306613
0.8789846478568183
0.8789680279625787
0.8789525992340512
0.8789382670985327
0.8789249363210466
0.8789125430583954
0.8789010106192695
