0.9982230158952566
0.998207763219491
0.9982199931756044
0.9982089904638437
0.9982086499532064
0.9982058170514229
0.9982010431778736
0.9982094306212205
0.9982033802912785
0.9982031730505136
0.9982006708780925
0.9982037275265425
0.9982009407801505
0.9981978942186405
0.9982001469685481
0.9981961274758363
0.9981951609635964
0.9982013360047952
0.9981969020305536
0.9981904573929615
0.9981926600138347
0.9981890605046199
0.9981949375225947
0.9981894227174612
0.998187356423109
0.9981926156924321
0.9981880597579174
0.9981909852761489
0.9981933951377868
0.9981929931885157
0.9981903152588086
0.9981878338715969
0.9981928201822134
0.9981814995790139
0.9981855783707057
0.9981844648336753
0.9981874258090289
0.9981926071338164
0.998186394190177
0.9981890565309769
0.9981936311110472
0.998190078062889
0.9981847989253508
0.9981917723631247
0.9981843783305242
0.9981885943657313
0.9981883669510866
0.9981839577356975
0.9981868031697395
0.9981908675951835
0.9981896574680622
0.9981857046102867
0.9981873986048576
0.998194493391575
0.9981872473007594
0.9981921027868222
0.9981911411652198
0.9981890812898293
0.9981874600434915
0.9981830462431296
0.9981862331048036
0.9981912735180977
0.998178951556866
0.998191458445329
0.9981832941373189
0.9981881398421067
0.9981852186031831
0.9981854292062613
0.9981923702435616
0.9981903137304844
0.998180186137175
0.9981885310931083
0.9981827592238401
0.9981934645237067
0.9981872445497757
0.9981855474985563
0.9981899347060766
0.9981852259391394
0.998187007353856
0.9981917197887714
