0.8844352534982783
0.8831103768890534
0.8817221596543658
0.8803441827502413
0.8789678958551803
0.8776069032124366
0.8762486808277218
0.8748822681299857
0.8734994954716839
0.8720934919785228
0.8706574308230688
0.869185951923801
0.867676684160338
0.8661266069753787
0.8645356171421278
0.862903235822821
0.8612306350819415
0.8595195234816584
0.857771633211408
0.8559889466257808
0.8541738313021857
0.8523297344299322
0.8504617088131178
0.8485786741923911
0.8467008451482894
0.8448503983863496
0.8430293569774044
0.8412365221226168
0.8394771504084746
