0.9590501187907325
0.9589420627223121
0.9588360403643714
0.9587351636091868
0.9586393625206417
0.9585484243763818
0.9584621096981897
0.9583801858954959
0.958302437596851
0.9582286699612935
0.9581587049696181
0.9580923533439636
0.9580294488535988
0.9579698246055179
0.9579133350319332
0.9578598035706414
0.9578090208106571
0.9577609496646458
0.9577154652277629
0.9576724410057068
0.957631760040919
0.9575933037863837
0.9575569473372565
0.9575225847297245
0.9574901208612654
0.9574594537417094
0.9574304910500845
0.9574031457636092
0.9573773328463236
0.9573529775937398
0.9573299980163574
0.9573083224561479
0.9572878789901733
0.9572685919867622
0.9572504062122769
0.9572332628568013
0.9572171012560526
0.9572018607457479
0.957187506225374
0.957173987891939
0.9571612458758884
0.9571492344803281
0.9571379133065542
0.9571272652679019
0.9571172392368317
0.9571078169345856
0.9570989510748121
0.9570905858940548
0.957082732518514
0.9570753561125861
