0.9984654683333177
0.9984701233032423
0.9984702367048998
0.9984487120921796
0.9984539316250728
0.9984581360450158
0.9984463706994668
0.9984560966491699
0.9984622319539388
0.9984389742215475
0.9984494897035452
0.9984446617273184
0.9984661041161953
0.9984534722108107
0.9984581412413182
0.9984439562528561
0.9984570384025574
0.9984768350919088
0.9984457578414526
0.9984644116499485
0.9984658675316053
0.9984535180605375
0.9984506637622148
0.9984737093632038
0.9984561580878037
0.998443100696955
0.9984563078635779
0.9984544271077865
0.9984686429683979
0.9984550439394437
0.9984481722880633
0.9984453720924181
0.9984552973356002
0.9984480176216517
0.9984564188199165
0.9984672124569233
0.998463663382408
0.9984659971334995
0.9984413137802711
0.9984725878788875
0.9984495786520151
0.9984715681809645
0.9984576041881855
0.9984582561712999
0.9984608381222456
0.998476556631235
0.9984551894359099
0.9984655847916236
0.9984369938190166
0.9984536727269491
0.9984549782215021
0.9984558692345252
0.9984531096923046
0.9984776830061888
0.99845627393478
0.9984592022039951
0.9984699628291986
0.998448626506023
0.998459141376691
0.9984479803305406
0.998455307728205
0.9984699524365939
0.9984544680668758
0.9984683501414764
0.9984482884407043
0.9984741275127117
0.9984448115030925
0.998458853440407
0.998449501930139
0.9984908097829575
0.9984633170641386
0.9984486543215239
0.9984471266086284
0.9984921641838856
0.9984488438337277
0.9984583732409354
0.9984707147647173
0.9984585389112814
0.9984598676363627
0.9984481768730359
