0.7629052432106915
0.728877032572079
0.7235138185494124
0.7208941272515283
0.7189731398510392
0.717278832725841
0.715651152193401
0.7140906678005207
0.712573651768534
0.7111188486238011
0.70976744808177
0.7085606147888429
0.7075097288397806
0.706596944069697
0.7057919037983607
0.7050665355122114
0.7044039496824707
0.7037912553433694
0.7032229558915911
0.7026911900076123
0.7021939275458318
0.7017296722094873
0.7012962589964911
0.7008927576809691
0.7005197848742571
0.7001740509654978
0.6998539780801487
0.6995582094162105
