0.997314713551448
0.997193772976215
0.9971859290049626
0.9971645880968143
0.9971513332464756
0.9971610781473991
0.9971504055536711
0.997135145847614
0.9971399649595603
0.997125997604468
0.9971220948757269
0.9971267602382562
0.9971068904950069
0.9971052487691243
0.9970848609239628
0.9970356748654292
0.9969583199574397
0.9970288291955606
0.9969177160507593
0.9969462678982661
0.996918763869848
0.996807100222661
0.9968773242754814
0.9968171425354786
0.9967386945700034
0.9968065836490729
0.9968172213970087
0.9967681664686937
0.996901344641661
0.9967755088439354
0.9968220282823611
0.9968127143688691
0.9967298776675493
0.9968192525399037
0.9968137936714369
0.9967788555683234
0.9967402818875435
0.9967602038994814
0.9967517094734387
0.996731820778969
0.996723930652325
0.996708690508818
0.9967475353143154
0.996773561453208
0.9967759285217677
0.9967047691345214
0.9967259465119778
0.9966842822539501
0.9967448332370856
0.9966972797344893
0.9967166830331852
0.9967718173296024
0.9966788010719495
0.9967319861436501
0.9966928439262586
0.9966901864760961
0.9966661991217197
0.9967039744059245
0.9966950801702646
0.9966734201480181
0.9967122236887614
0.9966839200411087
0.9966859997847142
0.9967032285837026
0.9967296695097899
0.9967139965448624
0.9966905181224529
0.9966880052517622
0.9966935637669686
0.996685978388175
0.9967373633996034
0.9967239942306128
0.9966969633713747
0.996729641694289
0.9966832637786865
0.996679847362714
0.9966971632761833
0.9966956263933426
0.996689524100377
0.9966777184070685
