0.8296539794430822
0.7820771686605635
0.7781043702367321
0.7763749714888396
0.775131682349977
0.7737993735791415
0.7723211965171074
0.7709680862505441
0.7696347159514971
0.7684366126769527
0.767240374548315
0.7661166196242296
0.7649960803109352
0.7640993250996718
0.7632758081819916
0.7624561186581599
0.7617870416668954
0.7611223177147162
0.760556012900578
0.7600248200728436
0.7596935293765222
0.7592456796346765
0.7588220644842141
0.7585787134279616
0.7582878886412752
0.75798635638813
0.7577196335828307
0.757515605341398
0.75737783011589
0.7573090115631586
