0.8296539794430822
0.7820771686605635
0.7781043702367321
0.7763749714888396
0.775131682349977
0.7737993735791415
0.7723211965171074
0.7709680862505441
0.7696347159514971
0.7684366126769527
0.767240374548315
0.7661166196242296
0.7649960803109352
0.7640993250996718
0.7632758081819916
0.7624561186581599
0.7617870416668954
0.7611223177147162
0.760556012900578
0.7600248200728436
0.7596935293765222
0.7592456796346765
0.7588220644842141
0.7585787134279616
0.7582878886412752
0.75798635638813
0.7577196335828307
0.757515605341398
0.75737783011589
0.7573090115631586
0.7571701425538598
0.757002598759204
0.7568082199989911
0.7568035816444413
0.7566934859531359
0.7564164654814726
0.7564278380320485
0.7563357335551469
0.7563221123570375
0.7562666642449037
0.7561639573948258
0.7560671003947177
0.7560747065978674
0.7561535637105538
0.7559711598844795
0.7559871160132384
0.7560226752524213
0.7559451392996541
0.7558986666545442
0.7558874422382196
0.7559160428446854
0.7558188936666993
0.7558708743711093
0.7558786185266555
0.7557788421619057
0.7559644116842119
0.7558736423155883
0.7558343515998759
0.7558388066698636
0.7558595922278034
0.7557937373995177
0.7557706475347286
0.7557183008647291
0.7557833779267247
0.7555979904260283
0.7556273896319098
0.7556756291697044
0.7559085704250719
0.7556994480485879
0.7557463494269011
0.7557691372113717
0.7557623241870014
0.7556907366615465
0.7557482301641222
0.7557398187226747
0.7557717305107767
0.7557370543882276
0.7557221580888415
0.7556760048253796
0.7557932535881802
