0.8800546404719353
0.8721993350982666
0.8609710890054703
0.8319143632054329
0.7979743251204491
0.7934142675995827
0.7906946328282356
0.7888887479901314
0.7877545514702797
0.7870125406980515
0.7864944371581077
0.7861114618182182
0.7858154660463333
0.7855787280201912
0.7853843349218369
0.78522136926651
0.7850824543833732
0.7849624216556549
0.7848575422167778
0.78476503521204
0.7846828004717827
0.7846092084050178
0.7845430561900139
0.7844832894206047
0.7844290274381638
0.784379580616951
0.7843343737721443
0.7842929267883301
0.7842548367381096
0.7842197528481484
