0.5171103468308083
0.4992313467539274
0.4988819608321557
0.49868764327122617
0.4985445160132188
0.49843024749022263
0.4983362647203299
0.49825728214704074
0.49819003435281606
0.49813198309678297
0.4980812989748441
0.4980365872383118
0.4979967777545635
0.4979610278056218
0.4979286468946017
0.49789910316467284
0.4978719500394968
0.49784687298994795
0.49782362717848555
0.49780197326953596
0.4977817287811866
0.49776274332633386
0.4977449242885296
0.4977281020237849
0.49771219400259165
0.4976971516242394
0.49768292078605064
0.49766943546441883
0.4976566433906555
0.4976444785411541
0.4976329124890841
0.497621934230511
0.4976115034176753
0.49760157878582295
0.49759214382905226
0.4975831811244671
0.49757466407922596
0.49756655693054197
0.4975588532594534
0.49755153105809136
0.49754456831858707
0.49753796870891864
0.4975316964662992
0.4975257552587069
0.4975201258292565
0.49751477791712834
0.4975097179412842
0.49750492389385514
0.4975003893558796
0.4974960969044612
