0.5974061039777903
0.5974061039777903
0.5974061039777903
0.5974061039777903
0.5974061039777903
0.5974061039777903
0.5974061039777903
0.5974061039777903
0.5974061039777903
0.5974061039777903
0.5974061039777903
0.5974061039777903
0.5974061039777903
0.5974061039777903
0.5974061039777903
0.5974061039777903
0.5974061039777903
0.5974061039777903
0.5974061039777903
0.5974061039777903
0.5974061039777903
0.5974061039777903
0.5974061039777903
0.5974061039777903
0.5974061039777903
0.5974061039777903
0.5974061039777903
0.5974061039777903
0.5974061039777903
0.5974061039777903
0.5974061039777903
0.5974061039777903
0.5974061039777903
0.5974061039777903
0.5974061039777903
0.5974061039777903
0.5974061039777903
0.5974061039777903
0.5974061039777903
0.5974061039777903
0.5974061039777903
0.5974061039777903
0.5974061039777903
0.5974061039777903
0.5974061039777903
0.5974061039777903
0.5974061039777903
0.5974061039777903
0.5974061039777903
0.5974061039777903
