0.8776746445338766
0.8553722858339543
0.8368493353652168
0.822793528116288
0.8131054146370744
0.8066970162357686
0.8023780354992123
0.7982257712452894
0.7845632785729703
0.7754739360314875
0.7697256083629737
0.7655859829872964
0.7625007705283438
0.7605658332491914
0.7587064235826918
0.757129909664521
0.7558801318229799
0.7548467615029388
0.7539674735932106
0.7532112542759873
0.752546804105053
0.751951117665777
0.7514147182890561
0.7509349008315548
0.7505016013848587
0.750107245107272
0.7497462891803637
0.7494146398279292
0.7491112909463653
0.7488346923007855
0.7485819692887085
0.7483517919989614
0.748140959283234
0.7479484989252811
0.7477724154380435
0.7476110982778661
0.7474628468738272
0.7473261295776753
