0.997622036933899
0.9972057443398695
0.9971880970857082
0.9971815301821783
0.9971778243015974
0.9971759334588662
0.997173036978795
0.9971700668334961
0.9971689594097627
0.997168751557668
0.9971656386668866
0.9971623787513146
0.9971638165987455
0.997161944095905
0.9971610445242661
0.997163103788327
0.9971549290877122
0.9971566484524653
0.99715858178261
0.9971586594214806
0.9971554117325024
0.9971557161746881
0.9971552506471292
0.9971460877320706
0.9971474733108129
0.9971543892835959
0.9971488255720872
0.9971494564643273
0.9971489447813767
0.9971479098002116
0.9971576424745413
0.9971430491178463
0.99715240918673
0.9971505214006473
0.9971556049126845
0.9971433957417806
0.9971481350752024
0.9971498706401922
0.9971513106272771
0.9971461989940741
0.9971483294780438
0.9971423384470818
0.9971511073601551
0.9971474806467692
0.9971451123555501
0.9971477569677891
0.9971431276737115
0.9971453409928542
0.9971383082561004
0.9971506546705197
0.9971390299307994
0.9971493225831252
0.9971431561005422
0.9971424567393767
0.9971475848784813
0.9971452468480819
0.9971393979512728
0.997150723139445
0.9971448516234374
0.9971513026799911
0.997147181400886
0.9971406484261537
0.9971407801677019
0.9971359852032784
0.9971412279666998
0.9971424081386664
0.9971439034510882
0.9971475723462228
0.9971399863560995
0.9971431380663163
0.9971489405020689
0.9971447565616706
0.9971448828012516
0.997136301260728
0.9971491581354386
0.9971514448141441
0.9971435375702686
0.997144424303984
0.9971461644539467
0.9971426523648775
